   h    k    l      d (Å)      F(real)      F(imag)          |F|         2θ          I    M ID(λ) Phase
   1    1    1   3.471088   -72.865060   -21.758525      76.0444   25.64341   13.61843    8     1     1
   2    0    0   3.006050   276.556382    28.809442      278.053   29.69518  100.00000    6     1     1
   2    2    0   2.125598   249.502679    28.809442       251.16   42.49414   74.44780   12     1     1
   3    1    1   1.812716   -60.308926   -21.758525       64.114   50.29378    6.62737   24     1     1
   2    2    2   1.735544   231.012925    28.809442      232.802   52.69775   26.18806    8     1     1
   4    0    0   1.503025   216.491756    28.809442        218.4   61.66065   12.12509    6     1     1
   3    3    1   1.379270   -54.499511   -21.758525      58.6825   67.90164    2.84357   24     1     1
   4    2    0   1.344346   204.335984    28.809442      206.357   69.91792   33.11077   24     1     1
   4    2    2   1.227215   193.833586    28.809442      195.963   77.75812   24.48687   24     1     1
   3    3    3   1.157029   -50.730963   -21.758525      55.2002   83.48034    0.58219    8     1     1
   5    1    1   1.157029   -50.730963   -21.758525      55.2002   83.48034    1.74656   24     1     1
   4    4    0   1.062799   176.402612    28.809442       178.74   92.90123    8.28146   12     1     1
   5    3    1   1.016230   -48.004491   -21.758525      52.7055   98.57532    2.83623   48     1     1
   6    0    0   1.002017   169.067980    28.809442      171.505  100.48285    3.76182    6     1     1
   4    4    2   1.002017   169.067980    28.809442      171.505  100.48285   15.04727   24     1     1
   6    2    0   0.950597   162.471968    28.809442      165.006  108.25629   14.54320   24     1     1
   5    3    3   0.916837   -46.034361   -21.758525      50.9175  114.31564    1.48240   24     1     1
   6    2    2   0.906358   156.514364    28.809442      159.144  116.39742   14.91461   24     1     1
   4    4    4   0.867772   151.113093    28.809442      153.835  125.16420    5.41852    8     1     1
